300 300 1.48456
300 300 1.95116
300 300 2.41778
300 300 2.8844
300 300 3.39533
300 300 3.86603
300 300 4.33676
300 300 4.81923
300 300 5.28921
300 300 5.75916
300 300 6.24712
300 300 6.71701
300 300 7.18692
300 300 7.68
300 300 8.1503
300 300 8.62061
300 300 9.1002
300 300 9.56905
300 300 10.0379
300 300 10.527
300 300 10.9957
300 300 11.4644
300 300 11.9522
300 300 12.4206
300 300 12.889
300 300 13.3575
300 300 13.652
300 300 14.1208
300 300 14.5896
300 300 15.0611
300 300 15.5296
300 300 15.9981
300 300 16.4742
300 300 16.9424
300 300 17.4106
300 300 17.9091
300 300 18.3767
300 300 18.8444
300 300 19.3418
300 300 19.8083
300 300 20.2748
300 300 20.7413
300 300 21.2426
300 300 21.7094
300 300 22.1763
300 300 22.6764
300 300 23.143
300 300 23.6096
300 300 24.1022
300 300 24.5701
300 300 25.0381
300 300 25.5275
300 300 25.9966
300 300 26.4657
300 300 26.9675
300 300 27.4394
300 300 27.9112
300 300 28.3888
300 300 28.8577
300 300 29.3266
300 300 29.8144
300 300 30.2831
300 300 30.7518
300 300 31.2418
300 300 31.7108
300 300 32.1798
300 300 32.6489
300 300 33.1401
300 300 33.6097
300 300 34.0793
300 300 34.5786
300 300 35.0478
300 300 35.5169
300 300 36.0075
300 300 36.4763
300 300 36.9451
300 300 37.4359
300 300 37.9047
300 300 38.3735
300 300 38.8636
300 300 39.3325
300 300 39.8014
300 300 40.2933
300 300 40.7622
300 300 41.2311
300 300 41.7217
300 300 42.1905
300 300 42.6592
300 300 43.1493
300 300 43.618
300 300 44.0867
300 300 44.5554
300 300 45.0278
300 300 45.4965
300 300 45.9651
300 300 46.478
300 300 46.9468
300 300 47.4155
300 300 47.9083
300 300 48.3769
300 300 48.8455
300 300 49.338
300 300 49.8064
300 300 50.2749
300 300 50.7665
300 300 51.235
300 300 51.7035
300 300 52.1945
300 300 52.6632
300 300 53.1319
300 300 53.626
300 300 54.0945
300 300 54.5631
300 300 55.0538
300 300 55.5224
300 300 55.991
300 300 56.4797
300 300 56.9481
300 300 57.4165
300 300 57.8849
300 300 58.3833
300 300 58.8521
300 300 59.3208
300 300 59.8161
300 300 60.2849
300 300 60.7537
300 300 61.2467
300 300 61.7157
300 300 62.1847
300 300 62.808
300 300 63.2767
300 300 63.7454
300 300 64.2026
300 300 64.6714
300 300 65.1401
300 300 65.5968
300 300 66.065
300 300 66.5333
300 300 66.9893
300 300 67.457
300 300 67.9246
300 300 68.3798
300 300 68.8465
300 300 69.3133
300 300 69.7801
300 300 70.5189
300 300 70.9859
300 300 71.4791
300 300 71.9465
300 300 72.4139
300 300 72.9094
300 300 73.3776
300 300 73.8457
300 300 74.3347
300 300 74.8025
300 300 75.2702
300 300 75.7379
300 300 76.2348
300 300 76.7029
300 300 77.1709
300 300 77.6702
300 300 78.1378
300 300 78.6054
300 300 79.0985
300 300 79.5667
300 300 80.035
300 300 80.532
300 300 80.9999
300 300 81.4678
300 300 81.9548
300 300 82.4229
300 300 82.891
300 300 83.3842
300 300 83.8524
300 300 84.3206
300 300 84.8157
300 300 85.2845
300 300 85.7533
300 300 86.2459
300 300 86.715
300 300 87.1841
300 300 87.6532
300 300 88.3949
300 300 88.8658
300 300 89.346
300 300 89.8143
300 300 90.2827
300 300 90.7739
300 300 91.2423
300 300 91.7106
300 300 92.1976
300 300 92.666
300 300 93.1344
300 300 93.6028
300 300 94.3449
300 300 94.8132
300 300 95.29
300 300 95.7585
300 300 96.227
300 300 96.7209
300 300 97.1893
300 300 97.6577
300 300 98.1482
300 300 98.6168
300 300 99.0853
300 300 99.5538
300 300 100.289
300 300 100.758
300 300 101.215
300 300 101.683
300 300 102.152
300 300 102.608
300 300 103.076
300 300 103.544
300 300 104.012
300 300 104.466
300 300 104.93
300 300 105.395
300 300 105.842
300 300 106.3
300 300 106.759
300 300 107.201
300 300 107.656
300 300 108.112
300 300 108.53
300 300 108.999
300 300 109.468
300 300 109.937
300 300 110.305
300 300 110.774
300 300 111.242
300 300 111.721
300 300 112.189
300 300 112.658
300 300 113.147
300 300 113.615
300 300 114.084
300 300 114.575
300 300 115.043
300 300 115.512
300 300 116.006
300 300 116.475
300 300 116.944
300 300 117.434
300 300 117.903
300 300 118.372
300 300 118.841
300 300 119.332
300 300 119.801
300 300 120.27
300 300 120.764
300 300 121.233
300 300 121.702
300 300 122.197
300 300 122.666
300 300 123.135
300 300 123.627
300 300 124.095
300 300 124.564
300 300 125.056
300 300 125.525
300 300 125.993
300 300 126.484
300 300 126.953
300 300 127.421
300 300 127.913
300 300 128.382
300 300 128.851
300 300 129.342
300 300 129.81
300 300 130.279
300 300 130.748
300 300 131.485
300 300 131.954
300 300 132.433
300 300 132.902
300 300 133.37
300 300 133.857
300 300 134.325
300 300 134.793
300 300 135.29
300 300 135.758
300 300 136.227
300 300 136.695
300 300 137.083
300 300 137.551
300 300 138.02
300 300 138.514
300 300 138.983
300 300 139.451
300 300 139.825
300 300 140.293
300 300 140.762
300 300 141.248
300 300 141.716
300 300 142.185
300 300 142.674
300 300 143.143
300 300 143.611
300 300 144.08
300 300 144.578
300 300 145.046
300 300 145.515
300 300 146.004
300 300 146.472
300 300 146.941
300 300 147.434
300 300 147.903
300 300 148.371
300 300 148.862
300 300 149.33
300 300 149.799
300 300 150.292
300 300 150.761
300 300 151.23
300 300 151.686
300 300 152.154
300 300 152.622
300 300 153.385
300 300 153.853
300 300 154.321
300 300 154.816
300 300 155.284
300 300 155.751
300 300 156.244
300 300 156.712
300 300 157.179
300 300 157.672
300 300 158.139
300 300 158.607
300 300 159.098
300 300 159.566
300 300 160.034
300 300 160.527
300 300 160.996
300 300 161.464
300 300 161.932
300 300 162.427
300 300 162.896
300 300 163.364
300 300 163.86
300 300 164.328
300 300 164.796
300 300 165.29
300 300 165.758
300 300 166.226
300 300 166.716
300 300 167.185
300 300 167.653
300 300 168.144
300 300 168.612
300 300 169.08
300 300 169.829
300 300 170.301
300 300 170.772
300 300 171.252
300 300 171.721
300 300 172.19
300 300 172.679
300 300 173.147
300 300 173.616
300 300 174.102
300 300 174.571
300 300 175.039
300 300 175.532
300 300 176
300 300 176.468
300 300 176.963
300 300 177.431
300 300 177.9
300 300 178.393
300 300 178.861
300 300 179.33
300 300 179.798
300 300 180.537
300 300 181.006
300 300 181.483
300 300 181.952
300 300 182.42
300 300 182.911
300 300 183.379
300 300 183.848
300 300 184.55
300 300 185.018
300 300 185.487
300 300 185.967
300 300 186.436
300 300 186.904
300 300 187.402
300 300 187.873
