100 100 2.80624
100 200 3.93034
200 100 4.96794
200 200 6.01415
100 100 7.03782
100 200 8.09839
200 100 9.17728
200 200 9.69082
100 100 10.2043
100 200 10.7202
200 100 11.2337
200 200 11.7471
100 100 12.2753
100 200 12.7879
200 100 13.3005
200 200 13.8504
100 100 14.3632
100 200 14.895
200 100 15.408
200 200 15.921
100 100 16.4547
100 200 16.9681
200 100 17.4816
200 200 18.0167
100 100 18.528
100 200 19.0392
200 100 19.5783
200 200 20.0912
100 100 20.6042
100 200 21.1421
200 100 21.6549
200 200 22.1676
100 100 22.7074
100 200 23.2203
200 100 23.7332
200 200 24.2673
100 100 24.7805
100 200 25.3178
200 100 25.8311
200 200 26.3443
100 100 26.881
100 200 27.3941
200 100 27.9072
200 200 28.4515
100 100 28.9646
100 200 29.4776
200 100 30.0119
200 200 30.5254
100 100 31.0389
100 200 31.574
200 100 32.0875
200 200 32.601
100 100 33.1373
100 200 33.65
200 100 34.1628
200 200 34.9684
100 100 35.4816
100 200 36.0202
200 100 36.5333
200 200 37.0463
100 100 37.8482
100 200 38.3617
200 100 38.8893
200 200 39.4027
100 100 39.916
100 200 40.4506
200 100 40.964
200 200 41.4774
100 100 42.0169
100 200 42.5297
200 100 43.0425
200 200 43.5771
100 100 44.0901
100 200 44.6211
200 100 45.1342
200 200 45.6473
100 100 46.1856
100 200 46.6988
200 100 47.212
200 200 47.7514
100 100 48.2646
100 200 48.7777
200 100 49.3207
200 200 49.8341
100 100 50.3474
100 200 50.8805
200 100 51.3939
200 200 51.9072
100 100 52.4544
100 200 52.9681
200 100 53.4818
200 200 54.2888
100 100 54.8027
100 200 55.5882
200 100 56.1017
200 200 56.6264
100 100 57.139
100 200 57.6517
200 100 58.1898
200 200 58.7028
100 100 59.2158
100 200 59.7577
200 100 60.2715
200 200 60.7852